#
# Quadruple star model
#
model = quad2
r1 = 0.2 v
r2 = 0.4 v
r3 = 1.8 v
r4 = 0.01 v
a1 = 0.2 v
a2 = 1.14 v
a3 = 74.8 f
a4 = 4.0 v
ab1 = 7 v
ab2 = 98.9 f
eb1 = 0 f
eb2 = 0 f
eb3  = 0.6058 f
omegab1 = 50.0 v
omegab2 = 0.0 v
omegab3 = 348.62 f
Pb1 = 0.2585073013 f
Pb2 = 2.5518584898 v
Pb3 = 204.148679184 f
ib1 = 80. v
ib2 = 78. v
ib3 = 89.1 v
OMEGAb1 = 270 v
OMEGAb2 = 270 v
OMEGAb3 = 270 f
t0b1 = 800.027790705 v
t0b2 = 814.77 v
t0b3 = 1186.07664204 v
s1 = 1000. v
s2 = 1200. v
s3 = 4000.0 v
s4 = 1000.0 v
limb1 = 0.5 f
limb2 = 0.5 f
limb3 = 0.5 f
limb4 = 0.5 f
n1 = 50
n2 = 50
n3 = 50
n4 = 50
ttype = 2
