#
# Triple star model
#
model = triple
r1 = 0.3 v
r2 = 0.5 v
r3 = 3.0 v
a1 = 0.3 v
a2 = 1.2 v
a3 = 74.8 f
ab = 98.9 f
eb1 = 0 f
eb2 = 0.6058 f
omegab1 = 50.0 v
omegab2 = 348.62 f
Pb1 = 0.2585073013 f
Pb2 = 204.148679184 f
ib1 = 75. v
ib2 = 89.3 v
OMEGAb1 = 270 v
OMEGAb2 = 270 f
t0b1 = 800.027790705 v
t0b2 = 1186.07664204 v
s1 = 2000. v
s2 = 2100. v
s3 = 2000.0 v
limb1 = 0.5 f
limb2 = 0.5 f
limb3 = 0.5 f
n1 = 100 f
n2 = 100 f
n3 = 100 f
ttype = 2 f
